version https://git-lfs.github.com/spec/v1
oid sha256:d9c0253253c76a2e5b48f3e306cac40c1da6d129b24bdfde22bb77c47327349b
size 24863
