version https://git-lfs.github.com/spec/v1
oid sha256:bae1de19050e51d5dce9e95a4af40004c893478f8e196e8187d3cac58ce88370
size 177704
