version https://git-lfs.github.com/spec/v1
oid sha256:8c4280dde08f0afb367f689c9b2ac6a27a6a1d177e59ad90d1d7895e357de847
size 1043343
