version https://git-lfs.github.com/spec/v1
oid sha256:e9c99ece7e107099626cf97ef64b528ce0c075ac93746550a77a8cd00f7cf47d
size 1461898
